# This file may be used to create an environment using:
# $ conda create --name <env> --file <this file>
# platform: win-64
annotated-types=0.7.0=pypi_0
anyio=4.4.0=pypi_0
asttokens=2.4.1=pyhd8ed1ab_0
bcrypt=4.1.3=pypi_0
ca-certificates=2024.7.4=h56e8100_0
certifi=2024.7.4=pypi_0
charset-normalizer=3.3.2=pypi_0
click=8.1.7=pypi_0
colorama=0.4.6=pyhd8ed1ab_0
colorlog=6.9.0=pypi_0
comm=0.2.2=pyhd8ed1ab_0
debugpy=1.8.2=py39ha51f57c_0
decorator=5.1.1=pyhd8ed1ab_0
dnspython=2.6.1=pypi_0
email-validator=2.2.0=pypi_0
exceptiongroup=1.2.2=pyhd8ed1ab_0
executing=2.0.1=pyhd8ed1ab_0
fast-langdetect=0.2.5=pypi_0
fastapi=0.111.1=pypi_0
fastapi-cli=0.0.4=pypi_0
fasttext-predict=0.9.2.4=pypi_0
gpt4all=2.8.2=pypi_0
h11=0.14.0=pypi_0
httpcore=1.0.5=pypi_0
httptools=0.6.1=pypi_0
httpx=0.27.0=pypi_0
idna=3.7=pypi_0
importlib-metadata=8.0.0=pyha770c72_0
importlib_metadata=8.0.0=hd8ed1ab_0
ipykernel=6.29.5=pyh4bbf305_0
ipython=8.18.1=pyh7428d3b_3
jedi=0.19.1=pyhd8ed1ab_0
jinja2=3.1.4=pypi_0
joblib=1.4.2=pypi_0
jupyter_client=8.6.2=pyhd8ed1ab_0
jupyter_core=5.7.2=py39hcbf5309_0
krb5=1.21.3=hdf4eb48_0
libsodium=1.0.18=h8d14728_1
markdown-it-py=3.0.0=pypi_0
markupsafe=2.1.5=pypi_0
matplotlib-inline=0.1.7=pyhd8ed1ab_0
mdurl=0.1.2=pypi_0
nest-asyncio=1.6.0=pyhd8ed1ab_0
openssl=3.3.1=h2466b09_2
packaging=24.1=pyhd8ed1ab_0
parso=0.8.4=pyhd8ed1ab_0
pickleshare=0.7.5=py_1003
pip=24.0=py39haa95532_0
platformdirs=4.2.2=pyhd8ed1ab_0
prompt-toolkit=3.0.47=pyha770c72_0
psutil=6.0.0=py39ha55e580_0
pure_eval=0.2.2=pyhd8ed1ab_0
pydantic=2.8.2=pypi_0
pydantic-core=2.20.1=pypi_0
pygments=2.18.0=pyhd8ed1ab_0
python=3.9.19=h1aa4202_1
python-dateutil=2.9.0=pyhd8ed1ab_0
python-dotenv=1.0.1=pypi_0
python-multipart=0.0.9=pypi_0
python_abi=3.9=2_cp39
pywin32=306=py39h99910a6_2
pyyaml=6.0.1=pypi_0
pyzmq=26.0.3=py39h03e5c00_0
regex=2024.5.15=pypi_0
requests=2.32.3=pypi_0
rich=13.7.1=pypi_0
robust-downloader=0.0.2=pypi_0
setuptools=69.5.1=py39haa95532_0
shellingham=1.5.4=pypi_0
six=1.16.0=pyh6c4a22f_0
sniffio=1.3.1=pypi_0
sqlite=3.45.3=h2bbff1b_0
stack_data=0.6.2=pyhd8ed1ab_0
starlette=0.37.2=pypi_0
tornado=6.4.1=py39ha55e580_0
tqdm=4.66.4=pypi_0
traitlets=5.14.3=pyhd8ed1ab_0
typer=0.12.3=pypi_0
typing_extensions=4.12.2=pyha770c72_0
tzdata=2024a=h04d1e81_0
ucrt=10.0.22621.0=h57928b3_0
urllib3=2.2.2=pypi_0
uvicorn=0.30.1=pypi_0
vc=14.2=h2eaa2aa_4
vc14_runtime=14.40.33810=ha82c5b3_20
vs2015_runtime=14.40.33810=h3bf8584_20
watchfiles=0.22.0=pypi_0
wcwidth=0.2.13=pyhd8ed1ab_0
websockets=12.0=pypi_0
wheel=0.43.0=py39haa95532_0
wordsegment=1.3.1=pypi_0
zeromq=4.3.5=he1f189c_4
zipp=3.19.2=pyhd8ed1ab_0
